0 85 33 33 0
0 9 37 37 0
0 31 40 40 0
0 32 41 41 0
0 7 42 42 0
0 5 43 43 0
0 4 44 44 0
0 6 45 45 0
0 8 47 47 0
0 1 48 57 0
0 3 59 59 0
0 86 60 60 0
0 87 61 61 0
0 88 62 62 0
0 2 65 90 0
0 2 92 92 0
0 89 97 97 0
0 90 98 98 0
0 91 99 99 0
0 92 100 100 0
0 93 101 101 0
0 94 102 102 0
0 2 103 104 0
0 95 105 105 0
0 2 106 109 0
0 96 110 110 0
0 97 111 111 0
0 98 112 112 0
0 2 113 113 0
0 99 114 114 0
0 2 115 115 0
0 100 116 116 0
0 2 117 118 0
0 101 119 119 0
0 2 120 122 0
0 29 123 123 0
0 30 125 125 0
1 1 48 57 1
2 2 48 57 2
2 2 65 90 2
2 2 97 122 2
3 -1 -1 -1 3
4 -1 -1 -1 4
5 -1 -1 -1 5
6 -1 -1 -1 6
7 -1 -1 -1 7
8 -1 -1 -1 8
9 -1 -1 -1 9
10 -1 -1 -1 10
11 12 61 61 0
12 -1 -1 -1 11
13 14 61 61 0
14 -1 -1 -1 12
15 -1 -1 -1 13
16 17 61 61 0
17 -1 -1 -1 14
18 -1 -1 -1 15
19 20 61 61 0
20 -1 -1 -1 16
21 22 110 110 0
22 23 100 100 0
23 -1 -1 -1 17
24 25 114 114 0
25 -1 -1 -1 18
26 27 111 111 0
27 28 116 116 0
28 -1 -1 -1 19
29 -1 -1 -1 20
30 -1 -1 -1 21
31 -1 -1 -1 22
32 -1 -1 -1 23
33 34 117 117 0
34 35 110 110 0
35 36 99 99 0
36 37 116 116 0
37 38 105 105 0
38 39 111 111 0
39 40 110 110 0
40 -1 -1 -1 24
41 42 102 102 0
42 -1 -1 -1 25
43 44 104 104 0
44 45 101 101 0
45 46 110 110 0
46 -1 -1 -1 26
47 48 108 108 0
48 49 115 115 0
49 50 101 101 0
50 -1 -1 -1 27
51 52 104 104 0
52 53 105 105 0
53 54 108 108 0
54 55 101 101 0
55 -1 -1 -1 28
56 57 111 111 0
57 -1 -1 -1 29
58 59 111 111 0
59 60 114 114 0
60 -1 -1 -1 30
61 62 101 101 0
62 63 116 116 0
63 64 117 117 0
64 65 114 114 0
65 66 110 110 0
66 -1 -1 -1 31
67 68 111 111 0
68 69 110 110 0
69 70 116 116 0
70 71 105 105 0
71 72 110 110 0
72 73 117 117 0
73 74 101 101 0
74 -1 -1 -1 32
75 76 114 114 0
76 77 101 101 0
77 78 97 97 0
78 79 107 107 0
79 -1 -1 -1 33
80 81 114 114 0
81 82 105 105 0
82 83 110 110 0
83 84 116 116 0
84 -1 -1 -1 34
85 2 48 57 2
85 14 61 61 2
85 2 65 90 2
85 2 97 122 2
86 20 61 61 15
87 12 61 61 10
88 17 61 61 13
89 2 48 57 2
89 2 65 90 2
89 2 97 109 2
89 102 110 110 2
89 2 111 122 2
90 2 48 57 2
90 2 65 90 2
90 2 97 113 2
90 103 114 114 2
90 2 115 122 2
91 2 48 57 2
91 2 65 90 2
91 2 97 110 2
91 104 111 111 2
91 2 112 122 2
92 2 48 57 2
92 2 65 90 2
92 2 97 110 2
92 105 111 111 2
92 2 112 122 2
93 2 48 57 2
93 2 65 90 2
93 2 97 107 2
93 106 108 108 2
93 2 109 122 2
94 2 48 57 2
94 2 65 90 2
94 2 97 110 2
94 107 111 111 2
94 2 112 116 2
94 108 117 117 2
94 2 118 122 2
95 2 48 57 2
95 2 65 90 2
95 2 97 101 2
95 109 102 102 2
95 2 103 122 2
96 2 48 57 2
96 2 65 90 2
96 2 97 110 2
96 110 111 111 2
96 2 112 122 2
97 2 48 57 2
97 2 65 90 2
97 2 97 113 2
97 111 114 114 2
97 2 115 122 2
98 2 48 57 2
98 2 65 90 2
98 2 97 113 2
98 112 114 114 2
98 2 115 122 2
99 2 48 57 2
99 2 65 90 2
99 2 97 100 2
99 113 101 101 2
99 2 102 122 2
100 2 48 57 2
100 2 65 90 2
100 2 97 103 2
100 114 104 104 2
100 2 105 122 2
101 2 48 57 2
101 2 65 90 2
101 2 97 103 2
101 115 104 104 2
101 2 105 122 2
102 2 48 57 2
102 2 65 90 2
102 2 97 99 2
102 116 100 100 2
102 2 101 122 2
103 2 48 57 2
103 2 65 90 2
103 2 97 100 2
103 117 101 101 2
103 2 102 122 2
104 2 48 57 2
104 2 65 90 2
104 2 97 109 2
104 118 110 110 2
104 2 111 122 2
105 2 48 57 29
105 2 65 90 29
105 2 97 122 29
106 2 48 57 2
106 2 65 90 2
106 2 97 114 2
106 119 115 115 2
106 2 116 122 2
107 2 48 57 2
107 2 65 90 2
107 2 97 113 2
107 120 114 114 2
107 2 115 122 2
108 2 48 57 2
108 2 65 90 2
108 2 97 109 2
108 121 110 110 2
108 2 111 122 2
109 2 48 57 25
109 2 65 90 25
109 2 97 122 25
110 2 48 57 2
110 2 65 90 2
110 2 97 115 2
110 122 116 116 2
110 2 117 122 2
111 2 48 57 18
111 2 65 90 18
111 2 97 122 18
112 2 48 57 2
112 2 65 90 2
112 2 97 104 2
112 123 105 105 2
112 2 106 122 2
113 2 48 57 2
113 2 65 90 2
113 2 97 115 2
113 124 116 116 2
113 2 117 122 2
114 2 48 57 2
114 2 65 90 2
114 2 97 100 2
114 125 101 101 2
114 2 102 122 2
115 2 48 57 2
115 2 65 90 2
115 2 97 104 2
115 126 105 105 2
115 2 106 122 2
116 2 48 57 17
116 2 65 90 17
116 2 97 122 17
117 2 48 57 2
117 2 65 90 2
117 127 97 97 2
117 2 98 122 2
118 2 48 57 2
118 2 65 90 2
118 2 97 115 2
118 128 116 116 2
118 2 117 122 2
119 2 48 57 2
119 2 65 90 2
119 2 97 100 2
119 129 101 101 2
119 2 102 122 2
120 2 48 57 30
120 2 65 90 30
120 2 97 122 30
121 2 48 57 2
121 2 65 90 2
121 2 97 98 2
121 130 99 99 2
121 2 100 122 2
122 2 48 57 19
122 2 65 90 19
122 2 97 122 19
123 2 48 57 2
123 2 65 90 2
123 2 97 109 2
123 131 110 110 2
123 2 111 122 2
124 2 48 57 2
124 2 65 90 2
124 2 97 116 2
124 132 117 117 2
124 2 118 122 2
125 2 48 57 2
125 2 65 90 2
125 2 97 109 2
125 133 110 110 2
125 2 111 122 2
126 2 48 57 2
126 2 65 90 2
126 2 97 107 2
126 134 108 108 2
126 2 109 122 2
127 2 48 57 2
127 2 65 90 2
127 2 97 106 2
127 135 107 107 2
127 2 108 122 2
128 2 48 57 2
128 2 65 90 2
128 2 97 104 2
128 136 105 105 2
128 2 106 122 2
129 2 48 57 27
129 2 65 90 27
129 2 97 122 27
130 2 48 57 2
130 2 65 90 2
130 2 97 115 2
130 137 116 116 2
130 2 117 122 2
131 2 48 57 2
131 2 65 90 2
131 2 97 115 2
131 138 116 116 2
131 2 117 122 2
132 2 48 57 2
132 2 65 90 2
132 2 97 113 2
132 139 114 114 2
132 2 115 122 2
133 2 48 57 26
133 2 65 90 26
133 2 97 122 26
134 2 48 57 2
134 2 65 90 2
134 2 97 100 2
134 140 101 101 2
134 2 102 122 2
135 2 48 57 33
135 2 65 90 33
135 2 97 122 33
136 2 48 57 2
136 2 65 90 2
136 2 97 109 2
136 141 110 110 2
136 2 111 122 2
137 2 48 57 2
137 2 65 90 2
137 2 97 104 2
137 142 105 105 2
137 2 106 122 2
138 2 48 57 34
138 2 65 90 34
138 2 97 122 34
139 2 48 57 2
139 2 65 90 2
139 2 97 109 2
139 143 110 110 2
139 2 111 122 2
140 2 48 57 28
140 2 65 90 28
140 2 97 122 28
141 2 48 57 2
141 2 65 90 2
141 2 97 116 2
141 144 117 117 2
141 2 118 122 2
142 2 48 57 2
142 2 65 90 2
142 2 97 110 2
142 145 111 111 2
142 2 112 122 2
143 2 48 57 31
143 2 65 90 31
143 2 97 122 31
144 2 48 57 2
144 2 65 90 2
144 2 97 100 2
144 146 101 101 2
144 2 102 122 2
145 2 48 57 2
145 2 65 90 2
145 2 97 109 2
145 147 110 110 2
145 2 111 122 2
146 2 48 57 32
146 2 65 90 32
146 2 97 122 32
147 2 48 57 24
147 2 65 90 24
147 2 97 122 24
